H 1 0.0 0.0 0.0 0.0 0.0 0.0 0.0 0.0
He 2 .9293 8.6243 .6200 2.8879 .3318 22.3531 .1188 .6748 
Li 3 1.3569 3.3246 .5338 .6856 .4316 66.4053 .6778 149.9503 
Li+ 3 1.3211 3.8304 .6282 .7630 .1267 73.7337 -.0735 199.4269 
Be 4 1.5242 42.3109 1.2628 1.7276 .6125 97.9345 .6004 .4090 
Be2+ 4 .0128 67.7350 1.3494 1.8375 .0703 124.1407 .5661 0.3875 
B 5 2.0730 23.3127 1.2077 1.0718 1.0773 60.7133 .6411 0.2699 
C 6 2.6158 11.3632 .2279 3.0830 1.5983 .3787 1.5602 49.7088 
N 7 .4743 .1041 2.9082 9.1890 2.2778 27.0869 1.3332 0.4612 
O 8 3.4716 11.9964 1.8289 4.7941 1.7198 .2372 .9790 31.9917 
O2- 8 4.2977 16.4438 2.2263 5.2614 1.7313 .2415 1.7412 49.7371 
F 9 3.8364 9.8148 2.3728 3.8835 1.7299 .1904 1.0600 25.9693 
F- 9 4.1803 10.9872 2.5253 4.0129 1.7360 .1923 1.5564 33.0471 
Ne 10 4.2156 8.1154 2.9030 3.1648 1.7341 .1553 1.1463 21.5835 
Na 11 4.1946 2.8601 3.8961 7.9204 1.7637 .1346 1.1391 125.7209 
Na+ 11 4.4278 5.2355 2.4274 2.2658 1.7182 .1272 1.4258 12.6031 
Mg 12 4.5028 2.3277 2.2123 77.7413 1.7687 .1146 3.5049 5.9035 
Mg2+ 12 4.3643 2.1618 3.9083 5.9459 1.6872 .0879 0.0382 .0000 
Al 13 6.9497 2.4785 1.9692 .1286 1.1904 12.5062 2.8774 66.1402 
Al3+ 13 4.0707 1.7260 4.1517 4.2883 1.7051 .0859 .0706 32.8254 
Si 14 7.1620 1.9861 .9286 13.9567 1.8869 .0966 4.0099 51.3981 
P 15 7.1583 1.7276 3.4832 23.7455 2.0781 .1140 2.2770 57.1173 
S 16 7.1301 1.4247 5.0712 21.7545 2.0611 .0994 1.7369 54.2128 
Cl 17 1.9223 .0722 7.1697 1.1600 6.1830 18.3275 1.7250 46.8148 
Cl- 17 1.8908 .0682 7.2032 1.1532 6.1851 18.8805 2.7190 51.3334 
Ar 18 1.7760 .0484 7.2215 .9567 7.3061 15.6234 1.6972 41.1982 
K 19 8.3113 9.9767 8.0220 .3899 1.1654 166.1394 1.4898 36.3604 
K+ 19 8.6078 12.8738 7.9831 .7329 .8931 .0000 .4937 54.3035 
Ca 20 7.5005 7.3264 7.8568 .4028 2.8393 29.2324 1.8036 142.0442 
Ca2+ 20 8.4026 10.2488 7.7343 .6274 1.0077 .0000 .8573 25.4419 
Sc 21 8.6967 6.0531 7.6978 .3439 2.0208 133.3668 2.5917 31.1311 
Sc3+ 21 8.7769 8.6343 7.6660 .5467 .5349 28.8159 1.0211 .0000 
Ti 22 8.2824 5.9317 7.8778 .3228 3.4763 15.7854 2.3563 102.1476 
Ti4+ 22 9.1121 6.0140 7.8109 .2649 .8270 21.0441 .2673 108.4904 
V 23 9.4200 5.6518 7.9252 .2790 3.5777 19.8076 2.0762 106.9938 
V5+ 23 7.9780 5.9050 7.0702 .4154 1.3997 11.2548 1.5534 .0454 
Cr 24 2.1592 1.7563 7.5070 .2563 11.5180 7.6002 2.7799 58.4816 
Cr4+ 24 9.4679 4.7481 7.8807 .2349 2.5940 13.4095 .0610 99.5152 
Mn 25 4.6706 3.2004 7.8910 .2479 9.3545 7.8654 3.0602 64.8640 
Mn2+ 25 9.2787 4.4959 8.0358 .2537 5.4444 12.3213 .2410 56.4882 
Fe 26 8.7267 3.8443 8.0070 .2319 6.4440 9.4874 2.8058 65.8373 
Fe2+ 26 9.9708 4.1647 8.0590 .2340 5.6730 10.8269 .2955 39.6599 
Co 27 10.4470 3.7376 8.0361 .2146 5.8114 9.9259 2.6910 64.0058 
Co2+ 27 10.8328 3.8579 8.0675 .2159 5.7728 10.1789 .3248 31.3142 
Ni 28 11.5224 3.5052 8.0427 .1984 5.7846 9.7491 2.6363 61.2607 
Ni2+ 28 11.6115 3.5609 8.0660 .1994 5.9757 9.6026 .3446 27.4704 
Cu 29 12.4034 3.2588 8.0407 .1838 5.9379 9.3595 2.6040 58.4193 
Cu2+ 29 12.2599 3.2668 8.0489 .1840 6.3163 8.9438 .3720 18.5527 
Zn 30 13.1577 3.0177 8.0333 .1706 6.2005 8.8438 2.5942 55.4451 
Zn2+ 30 13.0154 3.0266 8.0424 .1707 6.5544 8.4540 .3850 22.8068 
Ga 31 14.4553 2.8296 8.0236 .1584 5.3320 8.9052 3.1660 58.7737 
Ge 32 15.3565 2.6125 7.9946 .1468 4.5606 8.5906 4.0649 51.2258 
As 33 16.2740 2.4201 7.9707 .1365 3.8167 8.9871 4.9167 44.1949 
Se 34 17.0384 2.2387 7.9488 .1273 3.5070 10.5104 5.4877 39.2994 
Br 35 17.4960 2.0529 4.2115 13.0028 7.9096 .1185 5.3711 36.6126 
Br- 35 17.6056 2.0679 4.9704 15.1006 7.9344 .1193 5.4763 45.3025 
Kr 36 17.7085 1.8641 5.9137 14.7862 7.8321 .1092 4.5393 35.6792 
Rb 37 17.8838 1.7076 9.7227 16.9358 7.7948 .1022 1.5830 160.2323 
Rb+ 37 17.7741 1.6811 7.1450 14.1155 7.7094 .0992 3.3697 29.2349 
Sr 38 17.8443 1.5272 9.8506 13.9829 7.6087 .0909 2.6842 131.9738 
Sr2+ 38 17.8275 1.5184 8.8646 13.3203 7.5690 .0896 1.7393 27.4135 
Y 39 17.9239 1.3862 10.2998 12.7104 7.4713 .0821 3.2877 104.2218 
Y3+ 39 17.9540 1.3676 10.4284 12.3604 7.3322 .0767 .2810 43.2583 
Zr 40 18.0241 1.2627 10.9315 11.8383 7.3288 .0739 3.6934 87.5310 
Zr4+ 40 17.9264 1.2420 10.7051 10.8094 7.2110 .0700 .1594 38.4892 
Nb 41 18.1801 1.1578 11.9696 11.6375 7.1992 .0666 3.6219 69.8068 
Nb5+ 41 17.9918 1.1230 10.9034 9.4967 6.9753 .0596 .1308 35.6515 
Mo 42 6.9981 .0579 18.2939 1.0546 12.8488 10.9149 3.8270 61.7489 
Mo6+ 42 6.4551 .0465 18.2451 1.0042 11.1601 8.2190 .1377 16.2605 
Ru 44 20.3021 .4099 6.7634 2.5572 13.6174 11.2459 3.2945 59.7656 
Rh 45 19.8137 .2815 12.9693 3.6398 11.9072 14.2137 .3117 .1072 
Pd 46 20.1415 .3688 12.6027 4.1475 11.5709 14.8191 .6406 .0000 
Pd2+ 46 16.1822 4.3496 20.0860 .3223 6.9823 17.1340 .7390 50.2893 
Ag 47 21.1966 .3532 5.3046 2.3773 17.2072 9.1072 3.2655 48.9088 
Ag2+ 47 19.5768 .3374 12.3058 3.4367 12.7143 13.6319 .4101 .0000 
Cd 48 14.5758 4.1905 21.0830 .3158 10.4040 15.0058 1.9299 77.0010 
Cd2+ 48 12.4737 3.1756 19.8570 .2840 14.1977 13.2315 -.5169 143.9014 
In 49 20.6912 .2776 16.4798 3.9721 10.0509 17.6620 1.7346 77.0257 
Sn 50 17.9200 3.2798 19.7597 .2388 9.4954 17.6874 2.8286 79.0376 
Sb 51 16.4937 3.3219 20.2786 .2406 9.6340 11.6278 4.5839 61.6158 
Te 52 18.5053 3.8099 21.5711 .2659 5.1871 12.5504 6.7321 54.3996 
I 53 17.2389 3.0732 20.6465 .2293 7.9860 8.3218 7.0956 29.2052 
I- 53 18.1749 3.1761 20.7046 .2302 7.9271 10.9205 7.1573 39.0555 
Xe 54 19.5398 3.1997 20.9701 .2253 7.0143 13.8671 6.4594 28.5326 
Cs 55 20.6321 3.1994 21.2392 .2210 11.1858 21.4501 1.9196 162.2653 
Cs+ 55 20.8999 3.0687 20.8074 .1884 11.5422 21.2422 .7355 114.7388 
Ba 56 20.5353 2.9691 21.1736 .2098 11.3434 18.6103 2.9339 153.0169 
Ba2+ 56 20.5981 2.9632 21.1416 .2090 11.6447 19.1679 .6058 23.2442 
La 57 20.7434 2.7935 21.1245 .1995 11.6063 17.7161 3.5099 125.7274 
La3+ 57 20.5986 2.7704 21.0931 1989 11.9651 17.3313 .3382 50.8389 
Ce 58 21.2963 2.6974 21.1410 1911 12.0325 16.8378 3.5137 121.6763 
Ce4+ 58 20.5950 2.5854 21.0107 1888 12.2608 15.6874 .1319 75.7027 
Pr 59 22.1528 2.6599 21.2189 1843 12.6707 16.1512 2.9420 137.7915 
Pr3+ 59 21.7820 2.5911 21.1240 1827 12.7803 15.7833 .3081 33.6002 
Nd 60 22.7714 2.5670 21.2153 1766 13.0452 15.3993 2.9515 133.2029 
Nd3+ 60 22.2780 2.4905 21.1058 1749 11.8492 14.0760 1.7687 27.0830 
Sm 62 24.0711 2.3917 21.1887 1623 13.7362 14.0288 2.9846 124.2208 
Sm3+ 62 23.8814 2.1944 20.3552 1414 14.2543 13.0766 .4986 106.9538 
Eu 63 24.7357 2.3078 21.1681 1557 14.0669 13.4144 3.0084 119.8020 
Eu3+ 63 24.3908 2.2549 21.0594 .1540 14.0814 12.9944 .4599 20.7019 
Gd 64 25.1591 2.1888 21.0662 .1483 14.0582 12.5610 3.6924 99.2170 
Gd3+ 64 25.0280 2.1736 21.0264 .1477 14.3312 12.2977 .6055 26.5919 
Tb 65 26.1301 2.1547 21.1263 .1437 14.6682 12.2899 3.0512 111.7726 
Tb3+ 65 25.7586 2.0985 20.9680 .1411 14.6912 11.8161 .5715 17.2401 
Dy 66 26.8408 2.0825 21.1052 .1382 14.9523 11.7814 3.0755 107.9034 
Dy3+ 66 26.4722 2.0192 20.8747 .1341 14.9981 11.2512 .6429 15.2869 
Ho 67 27.5569 2.0136 21.0861 .1331 15.2280 11.3052 3.1009 104.1453 
Ho3+ 67 26.5512 1.9230 20.8447 .1299 11.2764 8.7474 5.3265 17.5901 
Er 68 28.2815 1.9485 21.0719 .1283 15.4941 10.8670 3.1227 100.8027 
Er+ 68 27.1701 1.8540 20.7960 .1247 11.3136 8.2221 5.7187 16.8295 
Tm 69 29.0083 1.8865 21.0624 .1239 15.7519 10.4545 3.1460 97.4986 
Tm3+ 69 27.7854 1.7880 20.7472 .1198 11.3841 7.7420 6.0813 16.1400 
Yb 70 29.7372 1.8277 21.0586 .1197 16.0018 10.0678 3.1692 94.3403 
Yb3+ 70 28.4011 1.7251 11.5159 7.3150 20.6991 .1152 6.3815 15.5395 
Lu 71 30.1535 1.7412 15.9083 9.3789 20.9541 .1146 3.9485 80.2529 
Lu3+ 71 29.0169 1.6654 11.6805 6.9293 20.6528 .1108 6.6470 14.9929 
Hf 72 30.6276 1.6628 15.8438 8.9350 20.8615 .1098 4.6278 68.4901 
Ta 73 31.1117 1.5895 15.8592 8.6359 20.7732 .1054 5.2133 59.9094 
W 74 31.5764 1.5194 15.9855 8.4277 20.6846 .1011 5.7081 53.5131 
Re 75 32.0060 1.4520 16.2421 8.2768 20.5922 .0971 6.1127 48.6201 
Os 76 32.3895 1.3864 16.6370 8.1544 20.4917 .0932 6.4338 44.7634 
Ir 77 32.7046 1.3211 17.2579 8.0409 20.3732 .0892 6.6160 41.6406 
Pt 78 33.0384 1.2529 18.1877 8.0552 20.1682 .0845 6.5607 35.7778 
Au 79 20.4657 .0868 19.0318 8.0375 33.0170 1.2144 6.4440 34.2724 
Hg 80 20.5235 .0856 33.0365 1.1646 19.7804 7.7629 6.6155 35.7598 
Tl 81 21.0729 .0903 32.8891 1.1444 21.0487 7.8442 5.9110 45.0760 
Pb 82 33.4861 1.0481 21.9052 7.2688 20.0114 .0752 6.5187 47.3250 
Bi 83 19.8360 .0718 22.2914 6.7590 33.4300 .9928 7.3714 46.5293 
Po 84 25.2534 .1335 21.3651 6.7141 29.3111 1.1521 8.0167 45.9357 
At 85 34.3560 .2268 23.2498 1.6437 18.5641 7.0127 8.7901 42.2189 
Rn 86 37.9584 .2565 22.4154 1.9675 16.0144 7.2076 9.5697 37.2747 
Fr 87 44.7473 .3309 26.8048 3.4800 12.8901 20.8008 2.5239 128.5198 
Ra 88 38.4087 .2379 27.6504 2.1955 16.2526 11.9072 5.5831 80.4273 
Ac 89 33.5966 .1825 28.1785 1.5549 18.8469 8.2662 8.2096 59.0710 
Th 90 28.0936 .1293 29.7756 1.1087 21.3586 6.2033 10.5524 47.6686 
Pa 91 29.6569 .1379 29.3781 1.1586 21.7312 6.6084 9.9984 45.4293 
U 92 31.1742 .1454 28.9718 1.2121 21.9075 6.8891 9.7265 45.5549 


